# x y
1.474294354838709523e+03 4.450896535488682026e-01
1.685987903225806122e+03 4.764782045748812145e-01
1.330645161290322221e+03 1.402440459842272169e+00
1.512096774193548072e+03 1.402440459842272169e+00
1.035786290322580498e+03 2.375485541648683085e+00
1.179435483870967573e+03 2.438262643700709997e+00
1.343245967741935374e+03 3.505473378585160393e+00
1.527217741935483673e+03 3.427002001020127420e+00
1.406249999999999773e+03 4.368658531800525324e+00
1.600302419354838321e+03 4.415741358339545286e+00
1.023185483870967573e+03 5.451563542197982670e+00
1.156754032258064171e+03 5.435869266684974832e+00
1.360887096774193424e+03 6.393220072978380131e+00
1.542338709677418819e+03 6.408914348491386193e+00
5.871975806451612243e+02 7.429042256836817515e+00
6.602822580645158723e+02 7.413347981323811453e+00
1.393649193548386620e+03 8.417781614156234937e+00
1.577620967741934919e+03 8.433475889669240999e+00
1.068548387096773922e+03 9.375132420449640236e+00
1.207157258064515872e+03 9.390826695962646298e+00
5.947580645161287975e+02 1.042664887982108368e+01
6.728830645161287975e+02 1.041095460430807762e+01
1.282762096774193424e+03 1.143108251265350717e+01
1.459173387096773922e+03 1.141538823714050110e+01
5.846774193548385483e+02 1.240412759445991853e+01
6.628024193548385483e+02 1.237273904343390463e+01
1.227318548387096598e+03 1.339286695177933595e+01
1.383568548387096371e+03 1.337717267626632989e+01
1.151713709677419047e+03 1.435021775807274125e+01
1.315524193548386620e+03 1.438160630909875337e+01
