# x y
1.210857592446895978e+02 3.670765488288147971e-01
6.699449252557087675e+01 1.402762977204065287e+00
8.666404405979596959e+01 2.359879938792325937e+00
6.699449252557087675e+01 3.364138580452779692e+00
7.437057435090537183e+01 4.368397222113234335e+00
1.044453186467399064e+01 5.356941970416289500e+00
4.978363493312394894e+01 6.361200612076743255e+00
-3.381195908733229771e+01 7.365459253737197898e+00
3.011408339889908348e+01 8.354004002040255727e+00
2.027930763178642337e+01 9.311120963628514602e+00
1.536191974823032069e+01 1.031537960528896924e+01
7.928796223446147451e+01 1.136677992702161610e+01
4.486624704956784626e+01 1.237103856868207075e+01
-4.307631785994772144e+00 1.332815553027033317e+01
1.161683713611334952e+02 1.439526974536037329e+01
1.104563335955939920e+03 1.437955585200297648e+01
1.092269866247049549e+03 1.342243889041471760e+01
1.089811172305271384e+03 1.244960803546906014e+01
1.104563335955939920e+03 1.138249382037901469e+01
1.097187254130605879e+03 1.039394907207596042e+01
1.097187254130605879e+03 9.405404323772902586e+00
1.102104642014161755e+03 8.385431788755051130e+00
1.094728560188827714e+03 7.396887040451993300e+00
1.099645948072383590e+03 6.392628398791538658e+00
1.094728560188827714e+03 5.404083650488483492e+00
1.092269866247049549e+03 4.415538902185428327e+00
1.099645948072383590e+03 3.379852473810177393e+00
1.099645948072383590e+03 2.359879938792325937e+00
1.097187254130605879e+03 1.402762977204065287e+00
1.099645948072383590e+03 3.513626554714166517e-01
1.301258851298189938e+03 1.437955585200297648e+01
1.303717545239968103e+03 1.340672499705732079e+01
1.291424075531077733e+03 1.235532467532467393e+01
1.303717545239968103e+03 1.138249382037901469e+01
1.296341463414634063e+03 1.040966296543335723e+01
1.306176239181746269e+03 9.373976537058107183e+00
1.308634933123524434e+03 8.401145682112449720e+00
1.316011014948858929e+03 7.412600933809391890e+00
1.306176239181746269e+03 6.424056185506335837e+00
1.308634933123524434e+03 5.419797543845880305e+00
1.296341463414634063e+03 4.368397222113234335e+00
1.296341463414634063e+03 3.379852473810177393e+00
1.301258851298189938e+03 2.359879938792325937e+00
1.301258851298189938e+03 1.355621297131871739e+00
1.298800157356411773e+03 3.985043355436101997e-01
