# x y
1.290322580645160770e+03 3.823125514968412908e-01
1.204637096774193196e+03 1.433829010868285625e+00
1.091229838709677097e+03 2.406874092674696097e+00
1.126512096774193196e+03 3.411307725507120470e+00
5.241935483870965982e+02 4.384352807313531386e+00
1.270161290322580271e+03 5.467257817710988732e+00
1.101310483870967573e+03 6.424608624004394031e+00
1.164314516129031972e+03 7.429042256836817515e+00
1.020665322580644897e+03 8.386393063130221037e+00
1.184475806451612698e+03 9.422215246988658421e+00
1.275201612903225623e+03 1.042664887982108368e+01
1.360887096774193424e+03 1.149385961470553497e+01
9.576612903225804985e+02 1.241982186997292459e+01
1.161794354838709523e+03 1.340856122729234201e+01
1.333165322580644670e+03 1.439730058461175943e+01
1.509576612903225623e+03 1.441299486012476549e+01
1.323084677419354421e+03 1.345564405383136197e+01
1.081149193548386847e+03 1.240412759445991853e+01
1.547379032258064171e+03 1.144677678816651500e+01
1.439012096774193424e+03 1.047373170636010364e+01
1.348286290322580271e+03 9.437909522501666260e+00
1.161794354838709523e+03 8.402087338643228875e+00
1.325604838709677324e+03 7.413347981323811453e+00
1.249999999999999773e+03 6.408914348491386193e+00
1.439012096774193424e+03 5.482952093223994794e+00
5.997983870967741495e+02 4.478518460391571310e+00
1.280241935483870520e+03 3.474084827559147381e+00
1.244959677419354421e+03 2.453956919213716059e+00
1.363407258064515872e+03 1.465217561894298637e+00
1.466733870967741723e+03 4.293953780358612526e-01
