# x y
6.119868035190734190e+01 3.827904421862124984e-01
2.912390029325638352e+01 1.387049083846667141e+00
9.556451612903356363e+01 2.328452152077529647e+00
6.348973607038260525e+01 3.364138580452779692e+00
1.161840175953091148e+02 4.352683328755836634e+00
3.828812316715675479e+01 5.356941970416289500e+00
4.974340175953216203e+01 6.329772825361947852e+00
7.952712609970808444e+01 7.286889786950208503e+00
7.723607038123304847e+01 8.338290108682857138e+00
8.869134897360822833e+01 9.358262643700708594e+00
-6.598240469195388869e-01 1.036252128536116324e+01
7.723607038123304847e+01 1.133535214030682070e+01
3.922287390030760434e+00 1.240246635539686615e+01
9.098240469208326431e+01 1.332815553027033317e+01
2.912390029325638352e+01 1.436384195864557967e+01
1.099046920821114554e+03 1.439526974536037329e+01
1.099046920821114554e+03 1.342243889041471760e+01
1.092173753665688992e+03 1.240246635539686615e+01
1.096755865102639518e+03 1.139820771373641328e+01
1.092173753665688992e+03 1.044109075214815263e+01
1.108211143695014698e+03 9.421118217130301176e+00
1.108211143695014698e+03 8.354004002040255727e+00
1.099046920821114554e+03 7.412600933809391890e+00
1.096755865102639518e+03 6.392628398791538658e+00
1.089882697947213956e+03 5.419797543845880305e+00
1.103629032258064626e+03 4.431252795542826028e+00
1.112793255131964770e+03 3.379852473810177393e+00
1.103629032258064626e+03 2.438449405579315332e+00
1.105920087976539662e+03 1.449904657276258835e+00
1.096755865102639518e+03 3.199348687566208049e-01
1.302950879765395939e+03 3.985043355436101997e-01
1.312115102639296083e+03 1.339907403774473593e+00
1.302950879765395939e+03 2.359879938792325937e+00
1.296077712609970376e+03 3.395566367167575095e+00
1.293786656891495340e+03 4.368397222113234335e+00
1.300659824046920448e+03 5.435511437203278895e+00
1.291495601173020304e+03 6.486911758935926642e+00
1.293786656891495340e+03 7.396887040451993300e+00
1.298368768328445412e+03 8.401145682112449720e+00
1.298368768328445412e+03 9.373976537058107183e+00
1.302950879765395939e+03 1.037823517871856183e+01
1.293786656891495340e+03 1.139820771373641328e+01
1.298368768328445412e+03 1.237103856868207075e+01
1.298368768328445412e+03 1.335958331698512680e+01
1.298368768328445412e+03 1.439526974536037329e+01
